1 12.297
2 11.421
3 11.303
4 12.865
5 12.78
6 10.937
7 11.017
8 11.579
9 11.727
10 11.95
11 11.534
12 11.658
13 11.156
14 11.729
15 11.191
16 11.85
17 11.253
18 11.38
19 11.16
20 11.189
21 11.356
22 12.189
23 11.055
24 11.256
25 11.169
26 11.336
27 11.409
28 11.339
29 11.243
30 11.174
31 11.404
32 11.46
33 11.344
34 12.035
35 10.795
36 11.483
37 11.218
38 11.223
39 11.271
40 11.289
41 10.676
42 10.904
43 11.29
44 84.774
45 89.245
46 0
47 110.836
48 66.098
49 11.378
50 12.035
51 15.302
52 13.29
53 11.149
54 11.217
55 10.727
56 11.233
57 11.237
58 13.03
59 11.945
60 13.255
61 11.523
62 11.094
63 12.565
64 11.2
65 10.844
66 10.967
67 11.112
68 14.059
69 11.091
70 10.892
71 10.954
72 11.974
73 11.332
74 10.696
75 11.217
76 11.206
77 10.859
78 11.181
79 11.018
80 12.162
81 10.93
82 11.466
83 11.098
84 13.71
85 11.142
86 14.26
87 11.723
88 19.905
89 20.518
90 11.186
91 11.231
92 10.091
93 10.474
94 10.021
95 10.188
96 11.95
97 10.218
98 10.163
99 10.467
100 10.295
101 10.074
102 9.777
103 9.78
104 10.835
105 11.262
106 10.184
107 12.009
108 11.098
109 9.92
110 9.935
111 10.507
112 0
113 10.109
114 10.048
115 10.178
116 9.779
117 11.159
118 11.625
119 10.654
120 11.708
121 10.563
122 10.648
123 10.087
124 12.266
125 10.091
126 10.096
127 11.551
128 9.93
129 9.695
130 10.9
131 15.81
132 10.231
133 19.273
134 10.235
135 16.298
136 10
137 9.961
138 12.035
139 9.771
140 9.691
141 10.372
142 17.55
143 40.008
144 10.393
145 10.471
146 10.616
147 13.773
148 10.144
149 10.18
150 16.876
151 10.099
152 10.203
153 11.523
154 10.777
155 113.531
156 10.999
157 10.971
158 10.494
159 10.59
160 10.813
161 10.595
162 10.488
163 11.281
164 10.846
165 10.361
166 10.364
167 10.704
168 10.823
169 10.585
170 10.568
171 10.512
172 11.092
173 10.768
174 10.551
175 10.776
176 10.415
177 10.436
178 10.827
179 10.763
180 10.694
181 10.877
182 11.1
183 10.343
184 10.388
185 11.001
186 34.547
187 10.838
188 10.838
189 10.647
190 10.871
191 10.077
192 10.747
193 10.875
194 11.703
195 10.2
196 10.687
197 10.521
198 10.211
199 11.165
200 10.838
201 10.968
202 11.203
203 10.911
204 10.784
205 10.618
206 10.54
207 10.569
208 10.866
209 10.612
210 11.011
211 10.795
212 10.939
213 10.559
214 10.731
215 11.162
216 10.51
217 10.582
218 10.937
219 10.927
220 10.548
221 10.737
222 11.039
223 10.308
224 10.553
225 10.604
226 10.79
227 10.638
228 10.927
229 11.157
230 10.674
231 10.375
232 10.557
233 10.354
234 11.518
235 10.83
236 12.096
237 10.887
238 10.512
239 10.667
240 10.96
241 10.833
242 10.536
243 10.814
244 10.34
245 10.262
246 10.51
247 10.684
248 10.9
249 10.823
250 11.225
251 10.478
252 10.216
253 10.956
254 10.805
255 10.676
256 10.578
257 10.696
258 10.843
259 10.775
260 20.435
261 10.63
262 10.566
263 10.65
264 10.589
265 10.773
266 10.798
267 11.561
268 13.427
269 10.626
270 10.77
271 10.795
272 10.989
273 10.997
274 11.131
275 12.59
276 10.944
277 10.404
278 10.539
279 10.93
280 10.764
281 10.691
282 14.094
283 10.872
284 10.843
285 11.457
286 10.492
287 10.899
288 11.127
289 9.935
290 10.787
291 10.802
292 10.722
293 11.71
294 10.522
295 11.042
296 10.634
297 10.867
298 10.643
299 10.974
300 10.531
301 11.63
302 10.506
303 10.918
304 10.483
305 10.724
306 11.133
307 10.596
308 111.901
309 10.378
310 9.852
311 10.024
312 14.617
313 11.598
314 9.986
315 12.141
316 10.054
317 10.288
318 10.269
319 10.15
320 10.194
321 11.009
322 10.396
323 10.081
324 9.693
325 10.864
326 10.195
327 10.095
328 10.184
329 10.199
330 11.592
331 9.971
332 10.218
333 10.01
334 10.879
335 9.865
336 10.482
337 9.961
338 9.807
339 9.979
340 9.75
341 11.991
342 10.272
343 10.325
344 10.531
345 23.929
346 26.14
347 116.475
348 121.18
349 9.704
350 12.006
351 9.692
352 12.31
353 12.24
354 10.349
355 13.472
356 12.566
357 10.023
358 10.039
359 10.393
360 10.167
361 10.268
362 10.69
363 10.23
364 9.914
365 10.008
366 10.18
367 10.351
368 10.061
369 14.253
370 25.079
371 11.527
372 11.022
373 11.37
374 10.703
375 10.788
376 11.249
377 11.687
378 11.971
379 10.845
380 11.358
381 10.845
382 10.977
383 10.965
384 11.362
385 11.115
386 10.998
387 10.921
388 11.507
389 21.455
390 11.392
391 11.382
392 11.338
393 14.66
394 12.84
395 12.059
396 10.807
397 11.36
398 14.029
399 13.555
400 10.852
401 15.702
402 11.279
403 28.987
404 16.962
405 11.375
406 11.154
407 11.126
408 15.836
409 25.9
410 19.963
411 13.877
412 181.762
413 86.518
414 10.978
415 10.941
416 10.927
417 11.456
418 10.988
419 11.167
420 11.2
421 11.081
422 11.658
423 10.991
424 12.698
425 11.334
426 11.657
427 11.147
428 11.325
429 11.341
430 11.192
431 11.029
432 11.252
433 11.545
434 11.423
435 10.95
436 12.104
437 11.633
438 11.366
439 11.317
440 12.561
441 11.273
442 11.161
443 11.432
444 11.441
445 11.549
446 11.608
447 11.399
448 11.581
449 11.527
450 11.537
