1 11.065
2 11.094
3 13.484
4 11.249
5 11.4
6 12.006
7 11.336
8 12.439
9 11.973
10 11.472
11 11.36
12 13.282
13 12.002
14 12.208
15 11.67
16 11.803
17 11.248
18 11.005
19 11.208
20 42.227
21 25.665
22 11.107
23 11.24
24 11.076
25 11.807
26 11.226
27 14.999
28 12.184
29 0
30 68.4195
31 14.601
32 11.905
33 11.532
34 11.298
35 11.277
36 11.384
37 11.484
38 11.203
39 11.527
40 14.177
41 11.531
42 23.251
43 11.556
44 11.347
45 21.269
46 16.704
47 11.317
48 0
49 103.434
50 26.9255
51 20.359
52 19.758
53 0
54 20.473
55 20.223
56 20.143
57 21.762
58 20.296
59 20.608
60 20.393
61 20.321
62 20.3
63 20.141
64 20.341
65 20.349
66 20.767
67 21.227
68 20.292
69 20.319
70 20.178
71 116.642
72 128.475
73 22.718
74 88.324
75 111.419
76 136.81
77 20.275
78 20.133
79 20.685
80 20.065
81 20.272
82 20.722
83 21.105
84 21.519
85 25.185
86 20.586
87 20.3
88 20.242
89 20.084
90 20.561
91 20.285
92 20.28
93 20.236
94 19.982
95 20.555
96 20.219
97 20.533
98 19.96
99 19.756
100 79.948
101 71.708
102 20.241
103 52.01
104 73.804
105 30.392
106 28.964
107 28.577
108 29.756
109 28.764
110 28.947
111 28.484
112 28.376
113 29.076
114 28.481
115 28.874
116 28.548
117 28.826
118 28.21
119 28.491
120 28.783
121 29.228
122 28.574
123 28.954
124 28.438
125 156.777
126 181.774
127 28.891
128 29.195
129 28.942
130 28.496
131 46.223
132 28.335
133 28.295
134 28.419
135 28.631
136 28.661
137 28.406
138 28.861
139 28.81
140 28.582
141 29.076
142 28.748
143 28.847
144 28.837
145 131.466
146 30.762
147 28.62
148 31.158
149 52.841
150 72.173
151 28.329
152 28.604
153 28.913
154 28.556
155 28.364
156 28.588
157 28.92
158 28.73
159 28.516
160 28.511
161 28.47
162 29.298
163 29.652
164 28.565
165 28.975
166 29.047
167 47.871
168 83.738
169 125.588
170 28.759
171 28.931
172 28.998
173 28.653
174 29.651
175 28.802
176 28.566
177 28.573
178 28.908
179 29.041
180 29.091
181 28.921
182 28.729
183 29.016
184 28.84
185 28.957
186 28.738
187 29.118
188 28.505
189 29.123
190 129.975
191 45.481
192 28.467
193 28.92
194 28.542
195 28.995
196 29.15
197 29.205
198 28.71
199 28.535
200 28.409
201 28.384
202 28.478
203 28.882
204 99.085
205 130.498
206 28.941
207 28.835
208 28.901
209 28.894
210 28.896
211 28.989
212 28.971
213 29.016
214 28.785
215 28.48
216 28.851
217 29.3
218 29.468
219 28.565
220 28.299
221 28.504
222 28.935
223 28.986
224 28.907
225 28.644
226 71.503
227 168.457
228 28.621
229 28.468
230 29.093
231 29.041
232 28.988
233 28.958
234 28.739
235 28.887
236 28.659
237 28.561
238 28.495
239 29.538
240 28.504
241 28.868
242 28.867
243 28.543
244 28.919
245 28.717
246 28.736
247 29.02
248 112.935
249 90.203
250 110.001
251 134.594
252 134.551
253 28.577
254 29.011
255 28.864
256 29.181
257 28.76
258 28.361
259 28.802
260 28.748
261 28.929
262 28.95
263 28.875
264 28.794
265 28.763
266 28.847
267 28.51
268 29.049
269 28.582
270 28.675
271 28.529
272 28.964
273 91.194
274 56.752
275 28.527
276 28.44
277 28.664
278 28.713
279 28.693
280 28.794
281 29.132
282 29.126
283 86.467
284 114.367
285 29.381
286 29.357
287 29.11
288 32.029
289 29.362
290 32.006
291 29.508
292 29.402
293 30.01
294 29.866
295 29.357
296 29.209
297 32.279
298 32.043
299 29.297
300 29.089
301 30.721
302 28.926
303 28.645
304 28.557
305 28.907
306 28.578
307 29.668
308 28.429
309 28.956
310 29.485
311 28.766
312 28.627
313 28.947
314 28.54
315 133.331
316 28.506
317 29.365
318 22.391
319 20.274
320 20.152
321 20.105
322 20.26
323 20.882
324 20.371
325 20.054
326 20.229
327 22.164
328 20.207
329 20.21
330 22.122
331 23.728
332 20.181
333 20.095
334 20.319
335 22.176
336 20.191
337 102.261
338 65.572
339 41.922
340 66.445
341 88.106
342 110.542
343 20.148
344 20.441
345 19.873
346 20.46
347 20.059
348 22.497
349 20.427
350 20.337
351 20.036
352 20.02
353 20.185
354 20.316
355 20.54
356 20.194
357 20.798
358 22.036
359 20.218
360 20.078
361 19.975
362 20.742
363 77.214
364 20.1
365 11.361
366 12.304
367 12.144
368 11.034
369 11.05
370 11.334
371 14.78
372 11.013
373 16.298
374 14.658
375 20.227
376 11.019
377 11.254
378 11.328
379 10.899
380 32.566
381 11.987
382 11.224
383 12.096
384 102.713
385 0
386 11.404
387 13.14
388 10.996
389 12.086
390 11.766
391 11.47
392 11.934
393 13.018
394 11.175
395 12.918
396 11.19
397 11.214
398 11.242
399 11.739
400 12.067
401 11.167
402 11.266
403 11.179
404 11.21
405 11.258
406 34.303
407 24.863
408 11.54
409 11.264
410 10.952
411 11.29
412 11.017
413 13.867
414 10.862
415 11.28
416 11.309
417 11.031
418 11.563
419 11.096
420 11.771
421 12.904
422 11.318
423 11.183
424 11.687
425 12.762
426 11.626
427 11.176
428 82.146
429 12.144
430 11.279
431 11.493
432 11.764
433 11.459
434 11.718
435 11.345
436 11.092
437 11.367
438 12.739
439 11.589
440 13.122
441 11.454
442 11.534
443 13.198
444 11.251
